<?xml version="1.0" encoding="UTF-8" standalone="no"?>
<!DOCTYPE svg PUBLIC "-//W3C//DTD SVG 20010904//EN"
              "http://www.w3.org/TR/2001/REC-SVG-20010904/DTD/svg10.dtd">

<svg xmlns="http://www.w3.org/2000/svg"
     width="8in" height="8in"
     viewBox="0 0 720 720">
  <path id="Zaznaczenie"
        fill="none" stroke="black" stroke-width="1"
        d="M 8.85,318.00
           C 13.24,281.19 22.45,247.81 37.70,214.00
             55.30,174.95 78.71,141.29 109.00,111.00
             141.04,78.96 173.86,56.20 215.00,37.31
             249.57,21.43 292.07,10.68 330.00,7.91
             330.00,7.91 342.00,7.00 342.00,7.00
             342.00,7.00 380.00,7.00 380.00,7.00
             380.00,7.00 390.00,7.91 390.00,7.91
             408.24,9.25 426.24,12.19 444.00,16.63
             502.97,31.37 553.84,58.31 599.00,99.17
             632.42,129.41 658.18,165.87 678.25,206.00
             695.53,240.58 707.06,281.58 711.16,320.00
             711.16,320.00 713.00,340.00 713.00,340.00
             713.00,340.00 713.00,378.00 713.00,378.00
             713.00,378.00 712.09,390.00 712.09,390.00
             709.61,423.96 701.20,459.37 688.55,491.00
             646.90,595.13 557.01,675.11 448.00,702.37
             428.53,707.24 409.01,710.69 389.00,712.09
             389.00,712.09 377.00,713.00 377.00,713.00
             377.00,713.00 342.00,713.00 342.00,713.00
             342.00,713.00 320.00,711.16 320.00,711.16
             285.19,707.44 251.18,698.34 219.00,684.57
             120.78,642.55 45.35,555.28 18.12,452.00
             13.12,433.05 7.01,402.32 7.00,383.00
             7.00,383.00 67.00,383.00 67.00,383.00
             69.88,418.56 79.55,453.76 94.78,486.00
             107.33,512.56 124.24,536.23 143.83,558.00
             186.38,605.28 245.50,637.30 308.00,648.58
             331.88,652.88 348.06,653.11 372.00,653.00
             372.00,653.00 383.00,652.09 383.00,652.09
             405.72,650.43 428.28,645.88 450.00,638.97
             489.36,626.45 523.97,605.27 555.00,578.28
             580.88,555.77 607.89,521.13 622.68,490.00
             639.24,455.15 649.39,420.57 652.09,382.00
             652.09,382.00 653.00,370.00 653.00,370.00
             653.00,370.00 653.00,348.00 653.00,348.00
             652.86,336.02 649.99,315.94 647.60,304.00
             631.72,224.64 582.56,152.56 513.00,110.60
             481.42,91.55 447.48,77.84 411.00,71.75
             411.00,71.75 388.00,68.58 388.00,68.58
             384.72,68.14 380.09,67.26 377.31,69.60
             374.62,71.87 375.01,75.82 375.00,79.00
             375.00,79.00 375.00,324.00 375.00,324.00
             375.03,336.88 379.11,333.27 385.45,343.00
             389.72,349.56 390.08,353.46 390.00,361.00
             389.80,377.94 375.31,392.13 358.00,390.82
             347.97,390.06 338.53,384.74 333.35,376.00
             330.73,371.58 329.75,366.08 327.49,363.51
             327.49,363.51 309.00,346.00 309.00,346.00
             309.00,346.00 259.00,296.00 259.00,296.00
             255.10,292.10 249.64,287.29 247.85,282.00
             244.27,271.40 252.67,260.06 264.00,261.20
             272.49,262.05 279.31,270.31 285.00,276.00
             285.00,276.00 323.00,314.00 323.00,314.00
             323.00,314.00 337.00,327.80 337.00,327.80
             341.43,331.19 343.53,328.78 343.98,324.00
             343.98,324.00 343.98,320.00 343.98,320.00
             343.98,320.00 343.98,78.00 343.98,78.00
             343.99,75.46 344.32,71.52 342.40,69.60
             340.23,67.42 335.76,68.06 333.00,68.42
             333.00,68.42 313.00,71.00 313.00,71.00
             282.13,75.27 251.65,86.70 224.00,100.76
             161.44,132.55 110.12,191.52 85.42,257.00
             77.91,276.92 73.16,296.03 69.75,317.00
             69.75,317.00 68.08,330.00 68.08,330.00
             67.91,331.96 68.12,334.62 66.40,335.98
             64.81,337.23 60.99,337.00 59.00,337.00
             59.00,337.00 7.00,337.00 7.00,337.00
             7.00,337.00 8.85,318.00 8.85,318.00 Z" />
</svg>
