<?xml version="1.0" encoding="UTF-8" standalone="no"?>
<!DOCTYPE svg PUBLIC "-//W3C//DTD SVG 20010904//EN"
              "http://www.w3.org/TR/2001/REC-SVG-20010904/DTD/svg10.dtd">

<svg xmlns="http://www.w3.org/2000/svg"
     width="8in" height="8in"
     viewBox="0 0 720 720">
  <path id="Zaznaczenie"
        fill="none" stroke="black" stroke-width="1"
        d="M 43.81,201.00
           C 88.90,110.82 174.17,42.09 272.00,17.63
             292.28,12.55 323.30,7.03 344.00,7.00
             344.00,7.00 376.00,7.00 376.00,7.00
             376.00,7.00 388.00,7.91 388.00,7.91
             429.82,10.84 470.91,21.82 509.00,39.31
             600.74,81.43 669.81,162.65 698.72,259.00
             705.85,282.76 710.36,307.27 712.09,332.00
             712.09,332.00 713.00,342.00 713.00,342.00
             713.00,342.00 713.00,376.00 713.00,376.00
             713.00,376.00 712.09,388.00 712.09,388.00
             709.46,425.66 700.40,463.24 685.57,498.00
             641.37,601.60 549.29,680.07 439.00,704.42
             421.70,708.24 404.66,710.88 387.00,712.09
             387.00,712.09 375.00,713.00 375.00,713.00
             375.00,713.00 344.00,713.00 344.00,713.00
             344.00,713.00 332.00,712.09 332.00,712.09
             292.11,709.30 252.60,699.32 216.00,683.14
             124.69,642.77 52.90,563.32 22.98,468.00
             15.58,444.44 7.07,407.49 7.00,383.00
             7.00,383.00 67.00,383.00 67.00,383.00
             69.78,417.36 78.93,451.68 93.31,483.00
             128.12,558.82 197.76,618.67 278.00,641.57
             312.07,651.30 337.88,653.41 373.00,653.00
             373.00,653.00 383.00,652.09 383.00,652.09
             418.34,649.51 449.75,640.85 482.00,626.30
             511.17,613.15 541.36,592.60 564.00,570.00
             587.70,546.33 609.54,518.58 623.69,488.00
             638.74,455.48 646.90,428.62 651.15,393.00
             651.15,393.00 653.00,371.00 653.00,371.00
             653.00,371.00 653.00,348.00 653.00,348.00
             652.86,336.02 649.99,315.94 647.60,304.00
             631.72,224.64 582.56,152.56 513.00,110.60
             481.42,91.55 447.48,77.84 411.00,71.75
             411.00,71.75 388.00,68.58 388.00,68.58
             384.72,68.14 380.09,67.26 377.31,69.60
             374.62,71.87 375.01,75.82 375.00,79.00
             375.00,79.00 375.00,324.00 375.00,324.00
             375.03,336.99 379.73,334.10 385.93,344.01
             389.87,350.31 390.09,354.82 390.06,361.99
             389.97,363.42 389.76,366.13 390.06,367.42
             391.22,371.16 401.76,380.76 405.00,384.00
             405.00,384.00 449.00,428.00 449.00,428.00
             456.85,435.85 469.65,446.51 461.99,458.98
             456.44,468.04 444.62,467.81 437.00,461.66
             437.00,461.66 384.00,409.00 384.00,409.00
             384.00,409.00 368.00,393.26 368.00,393.26
             362.89,389.31 361.93,392.18 352.00,389.76
             342.56,387.46 335.17,380.88 331.34,372.00
             327.31,362.68 328.44,351.47 333.96,343.00
             339.24,334.90 343.82,336.46 344.00,327.00
             344.00,327.00 344.00,239.00 344.00,239.00
             344.00,239.00 344.00,78.00 344.00,78.00
             343.99,75.46 344.32,71.52 342.40,69.60
             340.49,67.69 336.49,67.94 334.00,68.17
             334.00,68.17 313.00,70.92 313.00,70.92
             280.30,76.32 253.48,85.77 224.00,100.76
             161.40,132.57 110.15,191.46 85.42,257.00
             77.91,276.92 73.16,296.03 69.75,317.00
             69.75,317.00 68.08,330.00 68.08,330.00
             67.91,331.96 68.12,334.62 66.40,335.98
             64.81,337.23 60.99,337.00 59.00,337.00
             59.00,337.00 7.00,337.00 7.00,337.00
             10.87,289.29 22.33,243.96 43.81,201.00 Z" />
</svg>
