<?xml version="1.0" encoding="UTF-8" standalone="no"?>
<!DOCTYPE svg PUBLIC "-//W3C//DTD SVG 20010904//EN"
              "http://www.w3.org/TR/2001/REC-SVG-20010904/DTD/svg10.dtd">

<svg xmlns="http://www.w3.org/2000/svg"
     width="8in" height="8in"
     viewBox="0 0 720 720">
  <path id="Zaznaczenie"
        fill="none" stroke="black" stroke-width="1"
        d="M 8.85,318.00
           C 13.24,281.19 22.45,247.81 37.70,214.00
             55.30,174.95 78.71,141.29 109.00,111.00
             137.64,82.36 166.78,61.08 203.00,42.97
             238.81,25.06 280.20,13.09 320.00,8.84
             320.00,8.84 342.00,7.00 342.00,7.00
             342.00,7.00 380.00,7.00 380.00,7.00
             380.00,7.00 390.00,7.91 390.00,7.91
             408.24,9.25 426.24,12.19 444.00,16.63
             502.98,31.37 553.83,58.30 599.00,99.17
             632.42,129.41 658.18,165.87 678.25,206.00
             695.54,240.58 707.05,281.57 711.16,320.00
             711.16,320.00 713.00,340.00 713.00,340.00
             713.00,340.00 713.00,378.00 713.00,378.00
             713.00,378.00 712.09,390.00 712.09,390.00
             709.61,423.96 701.20,459.37 688.55,491.00
             646.89,595.15 557.03,675.11 448.00,702.37
             428.53,707.24 409.01,710.69 389.00,712.09
             389.00,712.09 377.00,713.00 377.00,713.00
             377.00,713.00 342.00,713.00 342.00,713.00
             342.00,713.00 320.00,711.16 320.00,711.16
             285.19,707.44 251.18,698.34 219.00,684.57
             120.75,642.54 45.36,555.30 18.12,452.00
             13.12,433.05 7.01,402.32 7.00,383.00
             7.00,383.00 67.00,383.00 67.00,383.00
             69.88,418.56 79.55,453.76 94.78,486.00
             107.33,512.56 124.24,536.23 143.83,558.00
             186.38,605.28 245.50,637.30 308.00,648.58
             331.88,652.88 348.06,653.11 372.00,653.00
             372.00,653.00 383.00,652.09 383.00,652.09
             405.72,650.43 428.28,645.88 450.00,638.97
             489.36,626.45 523.97,605.27 555.00,578.28
             581.52,555.21 608.02,520.90 623.11,489.00
             639.43,454.50 649.42,420.14 652.09,382.00
             652.09,382.00 653.00,370.00 653.00,370.00
             653.00,370.00 653.00,348.00 653.00,348.00
             652.86,336.02 649.99,315.94 647.60,304.00
             631.73,224.65 582.54,152.55 513.00,110.60
             481.67,91.70 447.20,77.80 411.00,71.75
             411.00,71.75 388.00,68.58 388.00,68.58
             384.72,68.14 380.09,67.26 377.31,69.60
             374.62,71.87 375.01,75.82 375.00,79.00
             375.00,79.00 375.00,324.00 375.00,324.00
             375.03,336.88 379.11,333.27 385.45,343.00
             389.72,349.56 390.08,353.46 390.00,361.00
             389.80,377.94 375.31,392.13 358.00,390.82
             337.25,389.25 323.19,368.68 330.93,349.00
             336.67,334.38 343.97,338.77 344.00,324.00
             344.00,324.00 344.00,78.00 344.00,78.00
             343.99,75.46 344.32,71.52 342.40,69.60
             340.23,67.42 335.76,68.06 333.00,68.42
             333.00,68.42 313.00,71.00 313.00,71.00
             282.13,75.27 251.65,86.70 224.00,100.76
             161.44,132.55 110.12,191.52 85.42,257.00
             77.91,276.92 73.16,296.03 69.75,317.00
             69.75,317.00 68.08,330.00 68.08,330.00
             67.91,331.96 68.12,334.62 66.40,335.98
             64.81,337.23 60.99,337.00 59.00,337.00
             59.00,337.00 7.00,337.00 7.00,337.00
             7.00,337.00 8.85,318.00 8.85,318.00 Z" />
</svg>
